40
26
09 09 09 09 09 09 09 09 09 09 09 09 09 09 09 09 09 09 09 09 09 09 09 22 22 22
09 09 05 05 05 05 05 05 05 05 05 05 05 05 05 05 05 05 05 05 09 09 09 22 22 22
09 09 05 05 05 05 05 05 05 05 05 05 05 05 05 05 05 05 05 05 09 09 09 22 22 22
09 09 05 05 05 05 05 05 05 05 05 05 05 05 05 05 05 05 05 05 09 09 09 22 22 22
09 09 14 14 14 14 14 14 14 05 10 05 05 14 14 14 14 14 14 14 09 09 09 22 22 22
09 09 15 15 05 05 05 05 05 05 13 05 05 15 15 15 15 15 15 15 09 09 09 22 22 22
09 09 05 05 05 05 05 05 05 05 13 05 05 05 05 05 05 05 05 20 09 09 09 22 22 22
09 09 05 05 05 05 05 05 05 05 12 05 05 05 05 05 05 05 05 20 09 09 09 22 22 22
09 09 05 05 05 05 05 05 05 05 09 05 05 05 05 05 17 17 05 20 09 09 09 22 22 22
09 09 01 01 01 14 14 05 14 14 01 01 01 01 01 01 01 01 01 01 09 09 09 22 22 22
09 09 02 02 02 05 05 05 05 05 02 02 02 02 02 05 05 05 05 05 09 09 09 22 22 22
09 09 02 02 02 05 05 05 05 05 02 02 02 02 02 05 05 05 05 05 09 09 09 22 22 22
09 09 02 02 02 05 05 05 05 05 05 05 05 05 05 05 05 05 05 19 09 09 09 22 22 22
09 09 02 02 02 02 02 02 05 02 02 02 02 02 02 02 02 05 02 02 09 09 09 22 22 22
09 09 15 15 15 15 15 05 05 10 05 05 05 05 05 05 05 05 05 20 09 09 09 22 22 22
09 09 15 15 15 15 05 05 05 13 05 05 05 05 05 05 05 05 17 01 09 09 09 22 22 22
09 09 05 05 05 05 05 05 05 13 05 05 05 05 17 17 05 05 01 02 09 09 09 22 22 22
09 09 05 05 05 05 05 05 05 13 05 05 05 05 01 01 01 01 02 02 09 09 09 22 22 22
09 09 01 01 01 05 01 16 05 12 05 05 05 05 02 02 02 02 02 02 09 09 09 22 22 22
09 09 02 02 02 05 02 01 05 09 05 05 05 05 05 05 05 05 02 02 09 09 09 22 22 22
09 09 02 02 02 05 02 02 01 01 01 05 05 05 05 05 05 05 02 02 09 09 09 22 22 22
09 09 02 02 05 05 05 02 02 02 02 01 01 01 01 01 05 05 02 02 09 09 09 22 22 22
09 09 05 05 05 05 05 05 05 05 05 05 05 05 05 05 05 05 02 02 09 09 09 22 22 22
09 09 05 05 05 05 05 05 05 05 05 05 05 05 05 05 05 18 02 02 09 09 09 22 22 22
09 09 02 02 02 02 02 02 05 05 05 05 05 05 05 05 02 02 02 02 09 09 09 22 22 22
09 09 02 02 02 02 02 05 05 05 02 02 02 02 02 02 02 02 02 02 09 09 09 22 22 22
09 09 05 05 05 05 05 05 05 05 05 05 05 05 05 05 05 05 05 05 09 09 09 22 22 22
09 09 05 05 05 05 05 05 05 18 05 05 05 05 05 05 05 05 05 05 09 09 09 22 22 22
09 09 14 14 14 14 14 05 14 10 05 05 14 14 14 14 14 14 14 14 09 09 09 22 22 22
09 09 15 15 05 05 05 05 05 13 05 05 14 14 14 14 14 14 14 14 09 09 09 22 22 22
09 09 05 05 05 05 05 05 05 13 05 05 05 05 05 05 05 05 05 20 09 09 09 22 22 22
09 09 05 05 05 05 05 05 05 12 05 05 05 05 05 05 05 05 05 20 09 09 09 22 22 22
09 09 05 05 16 05 05 05 05 09 05 05 05 05 05 05 17 17 05 20 09 09 09 22 22 22
09 09 01 01 01 01 05 01 01 01 01 01 01 01 01 01 01 01 01 01 09 09 09 22 22 22
09 09 02 02 02 05 05 05 05 05 02 02 02 02 02 05 05 05 05 05 09 09 09 22 22 22
09 09 02 02 02 05 05 05 05 05 05 05 05 05 05 05 05 05 05 05 09 09 09 22 22 22
09 09 02 02 02 02 02 02 02 02 02 05 05 05 05 05 05 05 05 19 09 09 09 22 22 22
09 09 02 02 02 02 02 02 02 02 02 05 05 05 05 05 05 05 05 01 09 09 09 22 22 22
09 09 02 02 02 02 02 02 02 02 02 02 02 02 02 02 02 02 02 02 09 09 09 22 22 22
09 09 02 02 02 02 02 02 02 02 02 02 02 02 02 02 02 02 02 02 09 09 09 22 22 22